s14:21:51.376053, 3, -3, 504
14:21:51.458941, 3, -4, 505
14:21:51.537787, 3, -4, 505
14:21:51.618892, 4, -4, 506
14:21:51.712344, 5, -2, 508
14:21:51.793819, -6, 9, 538
14:21:51.875427, -4, -3, 545
14:21:51.951355, 26, -13, 507
14:21:52.035522, 28, -11, 505
14:21:52.113037, 16, -12, 510
14:21:52.194794, 12, -15, 489
14:21:52.276036, 4, -18, 492
14:21:52.351966, -2, -13, 493
14:21:52.434662, -5, -19, 496
14:21:52.511667, 7, -10, 503
14:21:52.593571, -1, -9, 513
14:21:52.675510, 0, -8, 512
14:21:52.751457, 2, -12, 509
14:21:52.835033, -1, -11, 515
14:21:52.911644, 2, -9, 508
14:21:52.994869, 2, 0, 508
14:21:53.075482, -5, -7, 507
14:21:53.150898, 6, -5, 507
14:21:53.235448, 3, -5, 503
14:21:53.312021, 0, -9, 507
14:21:53.392787, -1, -9, 502
14:21:53.473565, 2, -5, 510
14:21:53.551356, -3, -4, 508
14:21:53.634050, 1, -8, 510
14:21:53.712979, 2, -4, 510
14:21:53.792948, -2, -5, 510
14:21:53.874061, -2, -12, 512
14:21:53.952177, 1, -10, 510
14:21:54.034822, -2, -10, 511
14:21:54.112738, -3, -10, 510
14:21:54.197006, -6, -3, 507
14:21:54.273880, -9, -4, 504
14:21:54.370286, -11, -8, 497
14:21:54.448613, -6, -9, 506
14:21:54.531290, -5, -11, 510
14:21:54.608684, -11, -1, 511
14:21:54.688074, -13, -6, 506
14:21:54.770513, -7, -6, 503
14:21:54.847848, -6, -6, 500
14:21:54.931107, -11, -6, 512
14:21:55.010651, -13, -5, 514
14:21:55.088366, -6, -8, 506
14:21:55.170700, -11, -1, 499
14:21:55.248952, 0, 1, 488
14:21:55.331972, -10, 2, 496
14:21:55.410669, -6, 1, 508
14:21:55.488033, -11, 4, 521
14:21:55.570463, -3, 2, 519
14:21:55.649614, -3, 5, 515
14:21:55.729909, 2, -9, 507
14:21:55.810073, -10, -8, 509
14:21:55.888064, -9, -3, 505
14:21:55.972018, -7, -10, 495
14:21:56.049928, -14, -11, 494
14:21:56.130909, -7, -8, 498
14:21:56.210231, -7, -3, 502
14:21:56.287392, -14, -8, 503
14:21:56.371372, -5, -12, 500
14:21:56.450563, 1, -10, 509
14:21:56.529760, -4, -10, 513
14:21:56.610271, -3, -9, 515
14:21:56.687389, -9, -6, 515
14:21:56.770211, -1, -5, 506
14:21:56.850594, -4, -10, 500
14:21:56.946883, -11, -9, 489
14:21:57.028004, -18, -7, 494
14:21:57.106247, -10, -3, 499
14:21:57.187048, -13, -6, 503
14:21:57.267019, -11, -5, 500
14:21:57.345171, -9, -6, 503
14:21:57.425290, -12, -8, 500
14:21:57.508737, -13, -4, 507
14:21:57.586653, -9, -6, 514
14:21:57.665005, -11, -10, 512
14:21:57.745955, -15, -8, 504
14:21:57.825480, -19, -4, 502
14:21:57.905802, -19, 1, 499
14:21:57.984470, -22, 2, 504
14:21:58.067918, -14, 3, 508
14:21:58.145954, -6, 3, 516
14:21:58.225056, -5, -1, 508
14:21:58.307133, -5, -2, 501
14:21:58.384974, -4, -3, 497
14:21:58.467347, -2, -2, 500
14:21:58.547130, -5, 2, 509
14:21:58.624515, 2, -2, 507
14:21:58.706579, 7, 5, 513
14:21:58.784070, -4, 0, 512
14:21:58.870130, 1, -4, 511
14:21:58.949310, 0, 9, 512
14:21:59.024637, -13, 9, 493
14:21:59.106955, 10, 8, 500
14:21:59.185150, -2, 15, 498
14:21:59.267631, 8, 14, 494
14:21:59.348149, 3, 21, 501
14:21:59.424657, 1, 14, 503
14:21:59.508286, -3, 3, 498
14:21:59.603496, -5, 11, 503
14:21:59.683919, -5, 4, 496
14:21:59.760745, -2, 8, 496
14:21:59.841681, -1, 5, 495
14:21:59.921031, 4, 6, 489
14:22:00.004036, 2, 2, 498
14:22:00.083705, 0, 16, 508
14:22:00.163102, 0, 7, 513
14:22:00.241153, -7, 17, 512
14:22:00.321505, 1, 12, 503
14:22:00.401579, -2, 16, 508
14:22:00.485087, 5, 14, 504
14:22:00.564668, 2, 5, 495
14:22:00.643377, 3, 10, 494
14:22:00.721705, 5, 9, 493
14:22:00.803585, -1, 5, 493
14:22:00.883282, 3, 12, 504
14:22:00.961291, -5, -1, 500
14:22:01.045246, -17, 3, 503
14:22:01.121725, -16, 7, 492
14:22:01.203772, -12, 3, 493
14:22:01.285764, -12, 1, 489
14:22:01.360858, -7, 10, 488
14:22:01.444374, -19, -7, 485
14:22:01.524398, -12, 2, 491
t14:22:01.602492, -13, -9, 498
14:22:01.683694, -11, 3, 504
14:22:01.765380, -14, -8, 507
14:22:01.843237, -6, 0, 505
14:22:01.922602, -19, -1, 508
14:22:02.003666, -12, 1, 504
14:22:02.083714, -15, -1, 504
14:22:02.178802, -14, 1, 508
14:22:02.258929, -13, 0, 506
14:22:02.342264, -15, -3, 504
14:22:02.436389, -11, -4, 497
14:22:02.515847, -10, -2, 500
14:22:02.594202, -15, -1, 502
14:22:02.675161, -15, -6, 503
14:22:02.753923, -14, 0, 507
14:22:02.837588, -10, -2, 507
14:22:02.916571, -13, -4, 507
14:22:02.993442, -12, -3, 501
14:22:03.075047, -11, -3, 499
14:22:03.154361, -15, -7, 502
14:22:03.236780, -16, -5, 498
14:22:03.316650, -13, -3, 501
14:22:03.396638, -16, -1, 500
14:22:03.475013, -15, -4, 500
14:22:03.555623, -12, -1, 498
14:22:03.632947, -17, -5, 484
t14:22:03.716637, -11, -7, 485
14:22:03.792832, -14, -5, 499
14:22:03.875138, -23, -10, 500
14:22:03.955586, -20, -11, 491
14:22:04.034195, -16, -2, 489
14:22:04.116205, -25, -7, 492
14:22:04.212807, -13, -1, 503
14:22:04.290434, -27, -20, 497
14:22:04.373749, -23, -8, 493
14:22:04.451909, -13, -13, 493
14:22:04.529186, -14, -18, 492
14:22:04.613255, -9, -12, 495
14:22:04.690032, -10, -16, 500
14:22:04.773073, -15, -12, 494
14:22:04.867333, -14, -1, 492
14:22:04.949338, -24, -10, 491
14:22:05.025427, -4, 1, 502
14:22:05.107605, -3, -9, 505
14:22:05.188475, 8, -11, 507
14:22:05.285521, -2, -5, 509
14:22:05.364516, -5, -5, 510
14:22:05.443850, -6, 2, 509
14:22:05.525559, 1, 9, 511
14:22:05.601590, -2, 5, 508
14:22:05.684567, 13, 12, 502
14:22:05.762736, 0, 12, 500
14:22:05.846005, 6, 25, 507
14:22:05.923982, -7, 14, 516
14:22:06.002168, -11, 11, 517
14:22:06.083301, -5, 10, 502
14:22:06.161186, 4, 13, 501
14:22:06.244552, 2, 12, 503
14:22:06.324025, -2, 4, 496
14:22:06.403924, -5, -7, 499
14:22:06.486274, 0, -1, 499
14:22:06.562244, 9, -6, 497
14:22:06.643978, -6, -2, 495
14:22:06.725702, -7, -9, 504
14:22:06.807158, -11, -6, 509
14:22:06.884794, -17, -7, 504
14:22:06.963161, -21, -4, 504
14:22:07.047519, -22, 3, 510
14:22:07.124178, -19, 0, 497
14:22:07.202482, -20, 0, 493
14:22:07.285238, -8, 6, 498
14:22:07.361916, -9, 6, 506
14:22:07.459855, -4, 2, 518
14:22:07.541066, -3, 2, 518
14:22:07.620590, -4, 4, 509
14:22:07.697285, -11, -6, 501
14:22:07.782286, -7, -6, 495
14:22:07.860815, -9, -5, 497
14:22:07.938886, 1, -1, 496
14:22:08.020112, -3, -5, 509
14:22:08.098564, -6, -6, 522
14:22:08.184217, 2, -6, 531
14:22:08.260730, -3, -5, 524
14:22:08.339981, -7, -12, 521
14:22:08.419612, 0, 2, 514
14:22:08.498384, -13, -6, 509
14:22:08.580251, -9, -1, 511
14:22:08.658902, -4, 9, 513
14:22:08.738146, -1, 5, 530
14:22:08.822094, 1, 0, 528
14:22:08.900981, -6, 1, 516
14:22:08.981847, -5, -2, 513
14:22:09.060101, 3, 12, 508
14:22:09.137800, -9, 7, 509
14:22:09.222021, -4, 4, 510
14:22:09.301300, -11, -28, 553
14:22:09.380273, 6, -1, 505
14:22:09.460813, 3, -7, 504
14:22:09.538179, 3, -5, 505
14:22:09.619959, 4, -3, 505
14:22:09.700830, 4, -3, 506
e14:22:09.782477, 4, -5, 505
14:22:09.861674, 4, -3, 505
14:22:09.938263, 4, -4, 504
